// BSD 3-Clause License
//
// Copyright (c) 2019, michalkrzyz
// All rights reserved.
//
// Redistribution and use in source and binary forms, with or without
// modification, are permitted provided that the following conditions are met:
//
// * Redistributions of source code must retain the above copyright notice, this
//   list of conditions and the following disclaimer.
//
// * Redistributions in binary form must reproduce the above copyright notice,
//   this list of conditions and the following disclaimer in the documentation
//   and/or other materials provided with the distribution.
//
// * Neither the name of the copyright holder nor the names of its
//   contributors may be used to endorse or promote products derived from
//   this software without specific prior written permission.
//
// THIS SOFTWARE IS PROVIDED BY THE COPYRIGHT HOLDERS AND CONTRIBUTORS "AS IS"
// AND ANY EXPRESS OR IMPLIED WARRANTIES, INCLUDING, BUT NOT LIMITED TO, THE
// IMPLIED WARRANTIES OF MERCHANTABILITY AND FITNESS FOR A PARTICULAR PURPOSE ARE
// DISCLAIMED. IN NO EVENT SHALL THE COPYRIGHT HOLDER OR CONTRIBUTORS BE LIABLE
// FOR ANY DIRECT, INDIRECT, INCIDENTAL, SPECIAL, EXEMPLARY, OR CONSEQUENTIAL
// DAMAGES (INCLUDING, BUT NOT LIMITED TO, PROCUREMENT OF SUBSTITUTE GOODS OR
// SERVICES; LOSS OF USE, DATA, OR PROFITS; OR BUSINESS INTERRUPTION) HOWEVER
// CAUSED AND ON ANY THEORY OF LIABILITY, WHETHER IN CONTRACT, STRICT LIABILITY,
// OR TORT (INCLUDING NEGLIGENCE OR OTHERWISE) ARISING IN ANY WAY OUT OF THE USE
// OF THIS SOFTWARE, EVEN IF ADVISED OF THE POSSIBILITY OF SUCH DAMAGE.

#ifndef TL_FILTERS_GAUSSIAN_H
#define TL_FILTERS_GAUSSIAN_H

// To generate tl::fitler::GAUSSIAN use following command:
// python -m cogapp -d -e -ogaussian.h -DN=25 -DNSIG=2 gaussian_generator.h
//   Where N is filter size and NSIG is sigma profile.

namespace tl
{
namespace filters
{
// Gaussian Filter with N=25 and nsigma=2
const int32_t GAUSSIAN_SIZE = 25;

const double GAUSSIAN[] =
{
0.000397,
0.000467,
0.000541,
0.000618,
0.000697,
0.000775,
0.000849,
0.000917,
0.000977,
0.001027,
0.001063,
0.001086,
0.001094,
0.001086,
0.001063,
0.001027,
0.000977,
0.000917,
0.000849,
0.000775,
0.000697,
0.000618,
0.000541,
0.000467,
0.000397,
0.000467,
0.000549,
0.000636,
0.000727,
0.000820,
0.000911,
0.000998,
0.001078,
0.001149,
0.001207,
0.001250,
0.001277,
0.001286,
0.001277,
0.001250,
0.001207,
0.001149,
0.001078,
0.000998,
0.000911,
0.000820,
0.000727,
0.000636,
0.000549,
0.000467,
0.000541,
0.000636,
0.000737,
0.000843,
0.000950,
0.001056,
0.001157,
0.001250,
0.001332,
0.001399,
0.001450,
0.001480,
0.001491,
0.001480,
0.001450,
0.001399,
0.001332,
0.001250,
0.001157,
0.001056,
0.000950,
0.000843,
0.000737,
0.000636,
0.000541,
0.000618,
0.000727,
0.000843,
0.000964,
0.001086,
0.001207,
0.001323,
0.001429,
0.001523,
0.001600,
0.001657,
0.001692,
0.001704,
0.001692,
0.001657,
0.001600,
0.001523,
0.001429,
0.001323,
0.001207,
0.001086,
0.000964,
0.000843,
0.000727,
0.000618,
0.000697,
0.000820,
0.000950,
0.001086,
0.001224,
0.001361,
0.001491,
0.001611,
0.001716,
0.001803,
0.001868,
0.001907,
0.001921,
0.001907,
0.001868,
0.001803,
0.001716,
0.001611,
0.001491,
0.001361,
0.001224,
0.001086,
0.000950,
0.000820,
0.000697,
0.000775,
0.000911,
0.001056,
0.001207,
0.001361,
0.001512,
0.001657,
0.001790,
0.001907,
0.002004,
0.002076,
0.002120,
0.002135,
0.002120,
0.002076,
0.002004,
0.001907,
0.001790,
0.001657,
0.001512,
0.001361,
0.001207,
0.001056,
0.000911,
0.000775,
0.000849,
0.000998,
0.001157,
0.001323,
0.001491,
0.001657,
0.001816,
0.001962,
0.002090,
0.002196,
0.002274,
0.002323,
0.002339,
0.002323,
0.002274,
0.002196,
0.002090,
0.001962,
0.001816,
0.001657,
0.001491,
0.001323,
0.001157,
0.000998,
0.000849,
0.000917,
0.001078,
0.001250,
0.001429,
0.001611,
0.001790,
0.001962,
0.002120,
0.002259,
0.002373,
0.002458,
0.002510,
0.002528,
0.002510,
0.002458,
0.002373,
0.002259,
0.002120,
0.001962,
0.001790,
0.001611,
0.001429,
0.001250,
0.001078,
0.000917,
0.000977,
0.001149,
0.001332,
0.001523,
0.001716,
0.001907,
0.002090,
0.002259,
0.002406,
0.002528,
0.002618,
0.002674,
0.002693,
0.002674,
0.002618,
0.002528,
0.002406,
0.002259,
0.002090,
0.001907,
0.001716,
0.001523,
0.001332,
0.001149,
0.000977,
0.001027,
0.001207,
0.001399,
0.001600,
0.001803,
0.002004,
0.002196,
0.002373,
0.002528,
0.002655,
0.002751,
0.002809,
0.002829,
0.002809,
0.002751,
0.002655,
0.002528,
0.002373,
0.002196,
0.002004,
0.001803,
0.001600,
0.001399,
0.001207,
0.001027,
0.001063,
0.001250,
0.001450,
0.001657,
0.001868,
0.002076,
0.002274,
0.002458,
0.002618,
0.002751,
0.002849,
0.002910,
0.002930,
0.002910,
0.002849,
0.002751,
0.002618,
0.002458,
0.002274,
0.002076,
0.001868,
0.001657,
0.001450,
0.001250,
0.001063,
0.001086,
0.001277,
0.001480,
0.001692,
0.001907,
0.002120,
0.002323,
0.002510,
0.002674,
0.002809,
0.002910,
0.002972,
0.002993,
0.002972,
0.002910,
0.002809,
0.002674,
0.002510,
0.002323,
0.002120,
0.001907,
0.001692,
0.001480,
0.001277,
0.001086,
0.001094,
0.001286,
0.001491,
0.001704,
0.001921,
0.002135,
0.002339,
0.002528,
0.002693,
0.002829,
0.002930,
0.002993,
0.003014,
0.002993,
0.002930,
0.002829,
0.002693,
0.002528,
0.002339,
0.002135,
0.001921,
0.001704,
0.001491,
0.001286,
0.001094,
0.001086,
0.001277,
0.001480,
0.001692,
0.001907,
0.002120,
0.002323,
0.002510,
0.002674,
0.002809,
0.002910,
0.002972,
0.002993,
0.002972,
0.002910,
0.002809,
0.002674,
0.002510,
0.002323,
0.002120,
0.001907,
0.001692,
0.001480,
0.001277,
0.001086,
0.001063,
0.001250,
0.001450,
0.001657,
0.001868,
0.002076,
0.002274,
0.002458,
0.002618,
0.002751,
0.002849,
0.002910,
0.002930,
0.002910,
0.002849,
0.002751,
0.002618,
0.002458,
0.002274,
0.002076,
0.001868,
0.001657,
0.001450,
0.001250,
0.001063,
0.001027,
0.001207,
0.001399,
0.001600,
0.001803,
0.002004,
0.002196,
0.002373,
0.002528,
0.002655,
0.002751,
0.002809,
0.002829,
0.002809,
0.002751,
0.002655,
0.002528,
0.002373,
0.002196,
0.002004,
0.001803,
0.001600,
0.001399,
0.001207,
0.001027,
0.000977,
0.001149,
0.001332,
0.001523,
0.001716,
0.001907,
0.002090,
0.002259,
0.002406,
0.002528,
0.002618,
0.002674,
0.002693,
0.002674,
0.002618,
0.002528,
0.002406,
0.002259,
0.002090,
0.001907,
0.001716,
0.001523,
0.001332,
0.001149,
0.000977,
0.000917,
0.001078,
0.001250,
0.001429,
0.001611,
0.001790,
0.001962,
0.002120,
0.002259,
0.002373,
0.002458,
0.002510,
0.002528,
0.002510,
0.002458,
0.002373,
0.002259,
0.002120,
0.001962,
0.001790,
0.001611,
0.001429,
0.001250,
0.001078,
0.000917,
0.000849,
0.000998,
0.001157,
0.001323,
0.001491,
0.001657,
0.001816,
0.001962,
0.002090,
0.002196,
0.002274,
0.002323,
0.002339,
0.002323,
0.002274,
0.002196,
0.002090,
0.001962,
0.001816,
0.001657,
0.001491,
0.001323,
0.001157,
0.000998,
0.000849,
0.000775,
0.000911,
0.001056,
0.001207,
0.001361,
0.001512,
0.001657,
0.001790,
0.001907,
0.002004,
0.002076,
0.002120,
0.002135,
0.002120,
0.002076,
0.002004,
0.001907,
0.001790,
0.001657,
0.001512,
0.001361,
0.001207,
0.001056,
0.000911,
0.000775,
0.000697,
0.000820,
0.000950,
0.001086,
0.001224,
0.001361,
0.001491,
0.001611,
0.001716,
0.001803,
0.001868,
0.001907,
0.001921,
0.001907,
0.001868,
0.001803,
0.001716,
0.001611,
0.001491,
0.001361,
0.001224,
0.001086,
0.000950,
0.000820,
0.000697,
0.000618,
0.000727,
0.000843,
0.000964,
0.001086,
0.001207,
0.001323,
0.001429,
0.001523,
0.001600,
0.001657,
0.001692,
0.001704,
0.001692,
0.001657,
0.001600,
0.001523,
0.001429,
0.001323,
0.001207,
0.001086,
0.000964,
0.000843,
0.000727,
0.000618,
0.000541,
0.000636,
0.000737,
0.000843,
0.000950,
0.001056,
0.001157,
0.001250,
0.001332,
0.001399,
0.001450,
0.001480,
0.001491,
0.001480,
0.001450,
0.001399,
0.001332,
0.001250,
0.001157,
0.001056,
0.000950,
0.000843,
0.000737,
0.000636,
0.000541,
0.000467,
0.000549,
0.000636,
0.000727,
0.000820,
0.000911,
0.000998,
0.001078,
0.001149,
0.001207,
0.001250,
0.001277,
0.001286,
0.001277,
0.001250,
0.001207,
0.001149,
0.001078,
0.000998,
0.000911,
0.000820,
0.000727,
0.000636,
0.000549,
0.000467,
0.000397,
0.000467,
0.000541,
0.000618,
0.000697,
0.000775,
0.000849,
0.000917,
0.000977,
0.001027,
0.001063,
0.001086,
0.001094,
0.001086,
0.001063,
0.001027,
0.000977,
0.000917,
0.000849,
0.000775,
0.000697,
0.000618,
0.000541,
0.000467,
0.000397,
};

}
}

#endif // TL_FILTERS_GAUSSIAN_H
